3  0.2656  -0.8380  3.8166
2  3.0217  -0.8200  2.9692
0  1.8366  -0.3122  1.5902
3  -2.4548  -1.2579  3.4906
0  -0.1809  -0.2375  0.5099
2  0.3017  -1.8076  1.2760
2  1.0193  -1.7228  2.8398
3  -1.0492  -0.5839  2.4334
3  -2.4503  -1.4322  0.7203
1  2.9733  1.4127  2.6840
0  -1.4125  1.8151  -3.3137
1  0.5549  2.4306  2.9426
0  2.0560  -0.0162  -1.3332
1  0.0823  0.4378  0.3584
3  -1.4376  0.9489  3.5471
3  -2.1845  -0.7266  1.4767
1  1.0945  0.5478  1.2894
2  -2.6661  -1.9078  3.4358
1  1.4091  0.4380  2.1364
1  0.3771  2.8171  0.0056
1  3.5978  3.0212  2.9264
1  2.4284  3.8189  2.3466
1  2.3441  1.8430  3.3948
2  2.0606  -1.4746  2.1500
1  0.8155  0.6768  1.6396
0  -0.9373  0.6863  -0.0555
2  -0.3758  -2.1473  3.3192
2  1.9824  -2.6643  0.8528
0  -0.4585  -1.3001  -0.0247
0  0.2664  -1.5104  -0.3423
3  -3.9087  -0.1960  0.2594
1  0.5433  0.9140  2.4451
3  -4.4687  -0.5560  -2.1963
0  -1.2238  -1.0540  -1.5447
3  -2.6756  0.7225  0.5179
3  -1.5694  -0.2473  2.7225
2  1.1177  -1.5317  4.7325
1  -0.3335  1.9742  0.2181
1  1.7515  1.4742  0.6069
3  -0.8277  -1.4001  3.4454
2  2.4605  -1.6695  1.1528
1  -0.1789  1.6333  -0.6308
2  -0.3533  -2.4545  0.9576
2  -0.7448  -3.2784  0.2854
3  -3.0270  -1.3672  1.2822
0  0.5389  0.4410  -0.2936
2  2.7804  -2.8983  0.8870
0  -0.1376  -0.5800  0.2899
3  -0.4908  1.5521  3.3135
2  0.0666  -0.1847  1.5283
2  4.2771  -2.2027  1.4237
0  1.0457  -0.0661  -1.1390
3  -1.3136  -0.6501  2.6646
1  2.1471  2.1325  1.6428
2  1.8978  -1.4533  2.1146
0  -0.0449  0.2782  0.2839
1  1.8662  1.9830  1.1524
3  -3.5291  -1.7585  0.7464
2  -0.7468  -1.2499  3.4231
3  -2.1172  0.8495  1.0157
2  1.3528  -1.0437  2.4429
0  0.0661  -0.5013  -0.3969
2  -1.3843  -2.6651  2.4333
0  -0.9230  -0.6877  0.1842
0  2.0821  1.3593  -1.4387
1  0.7639  -0.8283  1.4877
2  1.0210  -1.6578  4.2099
2  -3.0399  -2.0162  0.0789
1  2.4077  1.5549  1.8363
1  3.9662  2.6380  1.7863
0  -0.1013  1.2658  0.5945
3  -4.3150  0.3377  -1.0681
0  -0.1242  1.3046  1.6323
1  -0.1148  0.9162  2.2664
0  -1.0457  0.7189  0.7089
3  -1.9513  0.5279  1.5103
1  0.2549  1.6034  1.3113
2  1.7729  -2.4296  2.0533
2  0.5906  -1.5590  1.1456
3  -1.9154  -0.2343  2.3587
2  0.1194  -2.4878  0.1009
3  -2.1688  0.3552  1.3149
0  0.8946  0.5276  -0.5758
0  0.7667  1.0613  0.8312
2  0.1321  -2.6713  1.0732
2  -1.4038  -1.8861  2.9787
3  -3.0733  1.0793  0.1653
2  -0.7509  -1.1797  2.9799
3  -5.8137  -1.3201  -2.1457
0  1.1487  -0.0173  1.7385
3  -2.3421  0.6115  0.7976
0  -0.0271  0.5534  0.5183
3  -2.8771  0.1378  -1.0871
3  -2.4144  2.3501  2.0020
1  1.7123  1.0142  2.1145
0  0.5216  1.2828  1.2188
2  2.0561  -2.5975  2.6380
3  -3.6304  -0.6286  0.9080
1  0.9211  1.3965  0.6659
0  -1.0661  -0.5909  -1.5178
0  0.2535  0.7316  1.6079
0  1.3976  -0.6327  -1.8916
2  1.4290  -2.1824  1.0102
0  0.7442  -0.6613  -0.8280
0  0.4971  -0.6709  0.1692
1  0.0560  1.0755  1.7823
2  -0.1510  -2.5503  2.2751
3  0.5020  0.7627  2.2005
1  3.2533  1.8798  4.5076
3  -2.2041  -0.0475  2.8617
2  -1.2175  -2.3322  2.0244
1  1.3797  2.6235  0.5140
1  0.7308  0.2936  -0.5711
3  -1.9695  -0.7136  2.5508
2  1.9141  -1.7682  2.3279
2  -2.4672  -2.4285  3.5326
0  1.7878  -1.4508  0.1615
3  -1.7697  0.1522  2.1192
0  0.7052  -0.7978  0.1769
0  -0.2865  1.8034  -0.7363
1  1.3052  0.9501  1.5417
1  3.0545  1.4724  2.7424
1  1.8472  1.4093  1.2559
3  -2.1234  -0.8127  2.4751
1  2.4908  1.2057  1.6448
1  2.1967  1.8819  3.5719
2  2.0309  -1.5223  2.5639
3  0.6397  -0.8091  5.7322
3  -2.0017  -0.1479  -0.0115
2  -0.3026  -2.1597  2.9847
0  0.1107  0.4090  -1.1916
3  -4.0124  -0.0803  1.2055
2  -0.9565  -1.5686  1.4338
1  2.6112  2.2320  1.6546
1  1.2847  3.8214  0.5996
2  2.1818  -1.6058  0.9751
2  -2.9097  -1.7871  3.0927
2  -0.3710  -0.9690  1.1041
3  -0.8948  -1.1695  2.4548
1  0.5568  2.1217  -0.1616
1  0.9489  1.5106  1.3420
0  0.2149  -0.2561  0.2472
1  3.8476  2.2076  3.3353
2  -2.5762  -2.3945  2.4507
1  1.3558  1.6599  1.7469
0  -0.3884  0.2198  1.6714
3  -2.0672  -0.8342  0.6774
2  -2.9795  -2.7306  0.9561
3  -3.3394  -1.0361  0.9673
2  2.1345  -1.7006  0.7599
1  2.7358  2.5144  2.7047
2  -0.3946  -2.0841  3.1967
0  -0.9902  1.3494  -2.4126
3  -4.4092  0.0348  0.5880
2  0.2290  -1.4367  0.3211
3  -1.1534  -0.4062  2.1939
3  -1.5692  -1.2561  4.8617
1  1.7205  2.8875  1.6211
0  -1.4644  0.5160  0.1682
2  -1.9478  -3.8525  1.6295
1  2.9314  0.1071  1.5830
1  2.2062  1.4525  2.9528
0  -0.3707  0.2507  -0.7333
3  -3.0147  -1.7364  0.6187
2  -0.0454  -2.7596  -0.8208
1  2.8081  4.0399  2.7384
0  2.7656  0.1945  -0.3306
0  0.1049  -0.5912  0.2683
2  2.7380  -3.1080  1.0604
3  -0.0156  0.7782  2.8702
2  -0.1621  -2.0393  2.1341
3  -0.8110  0.4378  5.9859
1  3.6851  2.9316  1.9819
3  -3.3066  1.0734  1.7088
2  -1.5618  -2.8063  3.5359
1  4.0668  1.4058  2.4542
0  0.6120  0.3582  -0.5755
2  1.5745  -2.3633  0.6643
2  2.1678  -2.2496  2.4601
2  5.4689  -2.2364  2.1323
1  1.6714  1.3955  2.4932
0  -2.3675  -2.0881  -0.3571
1  2.1365  1.4947  2.4960
0  -0.1538  0.0718  0.6221
3  0.3621  -0.9556  4.0245
2  -1.4207  -2.4434  0.3962
3  -2.0900  1.7719  2.2248
2  -0.3706  -2.4316  2.5127
0  -0.1992  -0.6227  1.3318
2  -1.0596  -2.1305  -0.0220
3  -2.1740  0.4368  1.1448
0  -1.1373  -0.2753  1.2223
3  -0.1553  0.0178  4.2246
0  0.8400  0.7471  -0.3455
1  3.6514  3.2698  2.0398
1  2.8505  3.7859  2.0247
0  0.1193  0.8217  0.3037
3  -3.3771  0.4604  0.1908
0  0.6581  -0.7416  -0.7212
1  1.0031  2.1383  1.8364
1  4.9226  2.5759  3.6670
2  0.2262  -1.8871  1.3891
2  0.9033  -1.3295  2.0741
1  4.4051  5.1300  1.9967
1  -0.6345  0.8336  -0.2405
0  3.0129  -0.0444  -0.6986
1  1.0784  2.5309  2.3922
2  0.4273  -2.5217  3.5266
0  -0.1646  0.9959  1.1483
3  -1.1656  -0.4000  1.6571
2  -2.7338  -2.4353  1.4046
2  0.8702  -1.4892  4.1879
3  -2.1926  1.8511  2.4445
0  0.1386  -0.7525  1.1013
3  -1.5141  0.0261  3.0334
1  1.4438  1.9085  1.3103
2  -1.2757  -1.0490  0.5643
0  -1.2934  -0.0743  1.0772
2  -2.8976  -1.7974  0.7890
3  -3.6496  -0.8045  1.1899
3  -2.4074  -2.2069  3.6350
2  -3.5173  -0.8487  1.4874
3  -1.9143  -0.2656  1.0974
3  -2.7604  -0.9096  2.1868
1  2.8238  2.1330  3.6125
0  -1.1450  -0.5148  0.7389
0  2.5153  0.1007  0.2769
3  -3.6839  1.1790  -1.1736
2  1.5331  -3.0578  3.2583
3  -0.5710  -0.8772  2.8513
0  -0.1980  1.3754  -1.4554
2  0.4133  -2.9908  0.9026
0  0.3082  1.2362  -1.6116
3  -2.2391  -0.1820  2.9150
0  1.4711  -0.1960  -0.4446
1  0.4472  2.1692  0.3546
1  2.2379  1.3170  3.9180
2  -1.1219  -2.7289  2.1050
1  2.4569  0.8621  3.4914
2  -0.7979  -1.8528  2.2766
1  1.3212  3.4231  1.2896
3  -1.2447  1.8795  1.2124
1  2.2706  3.0277  0.5666
1  2.7501  3.1112  4.2785
3  -3.7125  0.1361  -0.3438
2  -1.0862  -1.3021  3.3969
0  0.7896  1.4626  1.4811
3  -1.7693  -1.9489  3.4853
1  2.0478  2.6202  2.8163
1  2.8771  2.6398  0.9434
3  -1.8751  -0.7709  2.0897
1  3.6466  3.5285  2.2005
1  3.2298  3.1147  2.5467
3  -2.2684  -0.0056  1.5756
2  -0.6622  -1.8282  0.8765
2  0.6555  -3.4595  3.8255
0  1.1053  0.0967  0.0657
1  0.7439  1.5816  -1.1719
0  0.1563  0.1410  0.2244
2  -2.2134  -1.7254  1.3866
1  2.6075  2.2541  1.8522
0  -0.3461  -0.6933  -0.3539
2  -1.8578  -1.4868  2.4792
2  0.9754  -1.3333  2.2975
3  -0.0171  0.7818  3.3063
3  -5.0753  -0.1556  -1.3582
1  1.9495  1.2789  2.8843
2  -1.0364  -2.2483  4.0162
1  0.5731  2.0807  0.3550
2  1.1859  -2.8572  2.3085
0  -0.3697  0.2147  0.1418
3  -1.5604  1.2143  2.1406
3  -1.4522  0.6795  2.5391
0  -0.1734  0.2120  -1.3230
1  1.1444  2.3767  1.4229
1  0.4808  0.1827  0.5495
3  -3.8315  0.3015  0.1806
0  1.2709  0.6307  -0.4657
2  1.4028  -3.0642  1.4120
2  -0.7874  -2.3812  1.3453
2  -2.2448  -1.3035  0.5401
0  -0.6247  -1.2380  -0.2163
0  -1.3335  -1.1381  2.3516
3  -3.5224  -1.0557  0.8772
3  -1.0433  -0.5734  2.7633
2  -0.9709  -2.1113  0.7710
2  1.1598  -2.8920  -0.2444
2  0.0149  -0.2381  1.3534
1  -0.8809  1.0598  -0.7543
1  0.4920  1.0218  2.3386
0  0.1766  -1.0104  2.4848
2  1.4494  -2.0739  0.6602
3  -1.9407  -1.6670  2.6766
0  -0.6917  1.0341  0.0975
3  -1.9677  -0.6959  1.5882
3  -3.0457  1.0084  0.4453
2  0.9416  -2.7583  0.8827
0  -1.0208  -0.7156  0.1829
1  3.5642  3.0084  2.8613
3  -1.1631  -0.6207  2.6568
2  0.2571  -1.5932  3.0182
1  2.7470  1.8542  1.5892
3  0.2427  -0.9688  3.0865
1  2.3342  2.7072  2.3821
2  3.5522  -3.4292  2.5379
0  0.9251  -0.7821  0.4671
2  0.5561  -1.8811  3.0678
1  2.5145  2.1162  1.1058
0  0.5142  0.7865  0.8549
0  0.5864  1.7159  1.0571
0  -0.5085  -0.0753  -0.8801
1  2.8371  4.1378  0.6836
3  -2.1996  -0.2932  0.2318
1  3.6882  2.3555  2.8312
1  -0.1502  0.7961  0.8091
1  0.7121  2.7506  0.2853
3  -2.3126  -0.7404  0.2446
2  2.9069  -1.3417  2.0510
0  0.0441  -0.9091  1.1653
3  0.3980  -0.8993  4.6763
0  -0.6455  -0.5248  0.0994
3  -0.5676  0.2641  2.0893
2  0.9858  -1.9519  2.6592
0  -0.5217  0.1535  -0.0150
0  1.2345  -2.0653  -1.1145
3  -1.0151  0.7449  4.3596
0  -0.2842  0.3736  -1.2192
1  2.9108  0.3054  3.0796
0  -0.1029  -0.9091  0.9480
1  1.8678  0.5783  1.1169
1  1.8608  2.3446  1.7211
1  -1.1184  1.9420  -0.3328
0  -0.4562  0.1190  0.0564
2  0.3196  -2.3774  2.4571
2  -2.2093  -2.4217  2.4060
0  0.3104  0.1200  0.7120
0  -1.3553  0.5061  0.0802
0  0.0991  -1.1037  0.8903
2  0.1258  -2.3021  5.1117
0  -0.4934  -0.4757  -1.0286
0  1.3254  -0.9291  -0.6073
2  -0.1286  -1.1018  1.2313
0  0.1361  0.4786  1.3130
1  1.5077  1.3965  2.1195
3  -4.3948  -0.4586  0.5713
2  0.8912  -2.7114  1.7508
2  -0.4078  -2.5715  0.9544
3  -3.2994  0.5496  1.2400
0  -0.9521  -0.4619  -1.6734
3  -0.0976  -0.0309  3.5648
0  -0.6783  1.1509  0.7296
1  1.4728  1.7561  0.9052
0  0.4929  -1.3474  0.3955
0  0.2082  -1.0777  0.0847
1  0.9259  1.2790  0.4969
0  -0.5510  -0.9625  1.3651
3  -1.2668  2.2850  3.3840
2  1.2335  -0.3303  2.5822
2  -0.0820  -1.2817  -0.5049
0  -1.0484  -0.0916  0.2768
3  -0.1664  1.4523  4.5941
3  -1.6873  0.1140  2.3503
0  -0.3394  -0.2421  0.2356
2  1.0676  -1.2485  1.5322
3  -0.4465  -0.7142  3.0851
2  -0.5424  -2.2705  0.3081
3  -4.1254  -0.8618  0.1029
1  -0.8222  -0.4966  0.5255
1  3.5185  3.4301  3.0591
3  -0.5854  0.4123  2.7396
1  4.3777  2.7925  2.8188
0  -1.0468  0.6761  -0.8700
0  1.4656  0.9302  -0.0286
3  -2.0869  -0.2606  1.2526
1  3.3599  2.1191  3.4175
3  -3.7576  -1.8437  1.3334
3  -0.1111  0.0337  5.5011
3  -3.4375  -0.1438  2.4013
1  1.3155  3.1137  0.7943
0  -1.1596  1.2156  -0.3342
1  3.0233  2.2093  3.6009
3  -2.1539  -0.2555  3.1333
1  1.4405  2.4355  0.2181
3  -0.3198  1.5596  2.9294
1  5.2821  2.2928  3.1258
3  -2.2909  0.0305  2.2917
3  -1.8310  2.2281  2.7195
3  -3.1465  -0.4817  0.6495
0  0.3339  0.8414  0.2006
2  0.2228  -1.7921  -0.3154
2  -0.3795  -0.5223  -0.0453
2  0.0742  -1.9547  2.4849
0  2.0225  0.6468  0.7018
1  3.0462  2.5212  0.7383
0  0.7224  -1.3953  -0.5122
0  -0.3052  0.6896  -1.1970
3  -2.0057  -0.3772  1.3259
1  1.0741  2.7471  1.8336
1  2.2526  3.2367  0.6904
0  -1.9916  0.9445  -2.2481
