9.344999999999999973e-01
9.605000000000000204e-01
9.230000000000000426e-01
9.242500000000000160e-01
9.242500000000000160e-01
9.232500000000000151e-01
9.242500000000000160e-01
9.242500000000000160e-01
9.224999999999999867e-01
9.234999999999999876e-01
9.240000000000000435e-01
9.162500000000000089e-01
9.140000000000000346e-01
9.102500000000000036e-01
9.074999999999999734e-01
9.050000000000000266e-01
9.050000000000000266e-01
8.997500000000000497e-01
9.017500000000000515e-01
9.012499999999999956e-01
9.014999999999999680e-01
8.997500000000000497e-01
8.997500000000000497e-01
8.987499999999999378e-01
9.000000000000000222e-01
8.992499999999999938e-01
8.980000000000000204e-01
8.972499999999999920e-01
8.962499999999999911e-01
8.987499999999999378e-01
8.984999999999999654e-01
8.970000000000000195e-01
8.957500000000000462e-01
8.964999999999999636e-01
8.962499999999999911e-01
8.967500000000000471e-01
8.970000000000000195e-01
8.957500000000000462e-01
8.962499999999999911e-01
8.960000000000000187e-01
8.952499999999999902e-01
8.950000000000000178e-01
8.952499999999999902e-01
8.952499999999999902e-01
8.952499999999999902e-01
8.954999999999999627e-01
8.952499999999999902e-01
8.952499999999999902e-01
8.952499999999999902e-01
8.950000000000000178e-01
8.952499999999999902e-01
8.952499999999999902e-01
8.950000000000000178e-01
8.952499999999999902e-01
8.952499999999999902e-01
8.950000000000000178e-01
8.950000000000000178e-01
8.950000000000000178e-01
8.950000000000000178e-01
8.950000000000000178e-01
8.950000000000000178e-01
8.950000000000000178e-01
8.950000000000000178e-01
8.950000000000000178e-01
8.950000000000000178e-01
8.950000000000000178e-01
8.950000000000000178e-01
8.950000000000000178e-01
8.950000000000000178e-01
8.950000000000000178e-01
8.950000000000000178e-01
8.950000000000000178e-01
8.950000000000000178e-01
8.950000000000000178e-01
8.947500000000000453e-01
8.947500000000000453e-01
8.947500000000000453e-01
8.947500000000000453e-01
8.947500000000000453e-01
8.947500000000000453e-01
8.947500000000000453e-01
8.947500000000000453e-01
8.947500000000000453e-01
8.947500000000000453e-01
8.947500000000000453e-01
8.947500000000000453e-01
8.947500000000000453e-01
8.947500000000000453e-01
8.947500000000000453e-01
8.947500000000000453e-01
8.947500000000000453e-01
8.947500000000000453e-01
8.947500000000000453e-01
8.947500000000000453e-01
8.947500000000000453e-01
8.947500000000000453e-01
8.947500000000000453e-01
8.947500000000000453e-01
8.947500000000000453e-01
8.947500000000000453e-01
8.947500000000000453e-01
8.947500000000000453e-01
8.947500000000000453e-01
8.947500000000000453e-01
8.947500000000000453e-01
8.947500000000000453e-01
8.947500000000000453e-01
8.947500000000000453e-01
8.947500000000000453e-01
8.947500000000000453e-01
8.947500000000000453e-01
8.947500000000000453e-01
8.947500000000000453e-01
8.947500000000000453e-01
8.947500000000000453e-01
8.947500000000000453e-01
8.947500000000000453e-01
8.947500000000000453e-01
8.950000000000000178e-01
8.950000000000000178e-01
8.950000000000000178e-01
8.950000000000000178e-01
8.950000000000000178e-01
8.950000000000000178e-01
8.947500000000000453e-01
8.947500000000000453e-01
8.947500000000000453e-01
8.947500000000000453e-01
8.947500000000000453e-01
8.947500000000000453e-01
8.947500000000000453e-01
8.947500000000000453e-01
8.947500000000000453e-01
8.947500000000000453e-01
8.950000000000000178e-01
8.950000000000000178e-01
8.950000000000000178e-01
8.950000000000000178e-01
8.950000000000000178e-01
8.950000000000000178e-01
8.950000000000000178e-01
8.950000000000000178e-01
8.950000000000000178e-01
8.950000000000000178e-01
8.950000000000000178e-01
8.950000000000000178e-01
8.950000000000000178e-01
8.950000000000000178e-01
8.950000000000000178e-01
8.950000000000000178e-01
8.950000000000000178e-01
8.950000000000000178e-01
8.950000000000000178e-01
8.950000000000000178e-01
8.950000000000000178e-01
8.950000000000000178e-01
8.950000000000000178e-01
8.950000000000000178e-01
8.950000000000000178e-01
8.950000000000000178e-01
8.950000000000000178e-01
8.950000000000000178e-01
8.950000000000000178e-01
8.950000000000000178e-01
8.950000000000000178e-01
8.950000000000000178e-01
8.950000000000000178e-01
8.950000000000000178e-01
8.950000000000000178e-01
8.950000000000000178e-01
8.950000000000000178e-01
8.950000000000000178e-01
8.950000000000000178e-01
8.950000000000000178e-01
8.950000000000000178e-01
8.950000000000000178e-01
8.950000000000000178e-01
8.950000000000000178e-01
8.950000000000000178e-01
8.950000000000000178e-01
8.950000000000000178e-01
8.950000000000000178e-01
8.950000000000000178e-01
8.950000000000000178e-01
8.950000000000000178e-01
8.950000000000000178e-01
8.950000000000000178e-01
8.950000000000000178e-01
8.950000000000000178e-01
8.950000000000000178e-01
8.950000000000000178e-01
8.950000000000000178e-01
8.950000000000000178e-01
8.950000000000000178e-01
8.950000000000000178e-01
8.950000000000000178e-01
8.950000000000000178e-01
8.950000000000000178e-01
8.950000000000000178e-01
8.950000000000000178e-01
8.950000000000000178e-01
8.950000000000000178e-01
8.950000000000000178e-01
8.950000000000000178e-01
8.950000000000000178e-01
8.950000000000000178e-01
8.950000000000000178e-01
8.950000000000000178e-01
8.950000000000000178e-01
8.950000000000000178e-01
8.950000000000000178e-01
8.950000000000000178e-01
8.950000000000000178e-01
8.950000000000000178e-01
8.950000000000000178e-01
8.950000000000000178e-01
8.950000000000000178e-01
8.950000000000000178e-01
8.950000000000000178e-01
8.950000000000000178e-01
8.950000000000000178e-01
8.950000000000000178e-01
8.950000000000000178e-01
8.950000000000000178e-01
8.950000000000000178e-01
8.950000000000000178e-01
8.950000000000000178e-01
8.950000000000000178e-01
8.950000000000000178e-01
8.950000000000000178e-01
8.950000000000000178e-01
8.950000000000000178e-01
8.950000000000000178e-01
8.950000000000000178e-01
8.950000000000000178e-01
8.950000000000000178e-01
8.950000000000000178e-01
8.950000000000000178e-01
8.950000000000000178e-01
8.950000000000000178e-01
8.950000000000000178e-01
8.950000000000000178e-01
8.950000000000000178e-01
8.950000000000000178e-01
8.950000000000000178e-01
8.950000000000000178e-01
8.950000000000000178e-01
8.950000000000000178e-01
8.950000000000000178e-01
8.950000000000000178e-01
8.950000000000000178e-01
8.950000000000000178e-01
8.950000000000000178e-01
8.950000000000000178e-01
8.950000000000000178e-01
8.950000000000000178e-01
8.950000000000000178e-01
8.950000000000000178e-01
8.950000000000000178e-01
8.950000000000000178e-01
8.950000000000000178e-01
8.950000000000000178e-01
8.950000000000000178e-01
8.950000000000000178e-01
8.950000000000000178e-01
8.950000000000000178e-01
8.950000000000000178e-01
8.950000000000000178e-01
8.950000000000000178e-01
8.950000000000000178e-01
8.950000000000000178e-01
8.950000000000000178e-01
8.950000000000000178e-01
8.950000000000000178e-01
8.950000000000000178e-01
8.950000000000000178e-01
8.950000000000000178e-01
8.950000000000000178e-01
8.950000000000000178e-01
8.950000000000000178e-01
8.950000000000000178e-01
8.950000000000000178e-01
8.950000000000000178e-01
8.950000000000000178e-01
8.950000000000000178e-01
8.950000000000000178e-01
8.950000000000000178e-01
8.950000000000000178e-01
8.950000000000000178e-01
8.950000000000000178e-01
8.950000000000000178e-01
8.950000000000000178e-01
8.950000000000000178e-01
8.950000000000000178e-01
8.950000000000000178e-01
8.950000000000000178e-01
8.950000000000000178e-01
8.950000000000000178e-01
8.950000000000000178e-01
8.950000000000000178e-01
8.950000000000000178e-01
8.950000000000000178e-01
8.950000000000000178e-01
8.950000000000000178e-01
8.950000000000000178e-01
8.950000000000000178e-01
8.950000000000000178e-01
8.950000000000000178e-01
8.950000000000000178e-01
8.950000000000000178e-01
8.950000000000000178e-01
8.950000000000000178e-01
8.950000000000000178e-01
8.950000000000000178e-01
8.950000000000000178e-01
8.950000000000000178e-01
8.950000000000000178e-01
8.950000000000000178e-01
8.950000000000000178e-01
8.950000000000000178e-01
8.950000000000000178e-01
8.950000000000000178e-01
8.950000000000000178e-01
8.950000000000000178e-01
8.950000000000000178e-01
8.950000000000000178e-01
8.950000000000000178e-01
8.950000000000000178e-01
8.950000000000000178e-01
8.950000000000000178e-01
8.950000000000000178e-01
8.950000000000000178e-01
8.950000000000000178e-01
8.950000000000000178e-01
8.950000000000000178e-01
8.950000000000000178e-01
8.950000000000000178e-01
8.950000000000000178e-01
8.950000000000000178e-01
8.950000000000000178e-01
8.950000000000000178e-01
8.950000000000000178e-01
8.950000000000000178e-01
8.950000000000000178e-01
8.950000000000000178e-01
8.950000000000000178e-01
8.950000000000000178e-01
8.950000000000000178e-01
8.950000000000000178e-01
8.950000000000000178e-01
8.950000000000000178e-01
8.950000000000000178e-01
8.950000000000000178e-01
8.950000000000000178e-01
8.950000000000000178e-01
8.950000000000000178e-01
8.950000000000000178e-01
8.950000000000000178e-01
8.950000000000000178e-01
8.950000000000000178e-01
8.950000000000000178e-01
8.950000000000000178e-01
8.950000000000000178e-01
8.950000000000000178e-01
8.950000000000000178e-01
8.950000000000000178e-01
8.950000000000000178e-01
8.950000000000000178e-01
8.950000000000000178e-01
8.950000000000000178e-01
8.950000000000000178e-01
8.950000000000000178e-01
8.950000000000000178e-01
8.950000000000000178e-01
8.950000000000000178e-01
8.950000000000000178e-01
8.950000000000000178e-01
8.950000000000000178e-01
8.950000000000000178e-01
8.950000000000000178e-01
8.950000000000000178e-01
8.950000000000000178e-01
8.950000000000000178e-01
8.950000000000000178e-01
8.950000000000000178e-01
8.950000000000000178e-01
8.950000000000000178e-01
8.950000000000000178e-01
8.950000000000000178e-01
8.950000000000000178e-01
8.950000000000000178e-01
8.950000000000000178e-01
8.950000000000000178e-01
8.950000000000000178e-01
8.950000000000000178e-01
8.950000000000000178e-01
8.950000000000000178e-01
8.950000000000000178e-01
8.950000000000000178e-01
8.950000000000000178e-01
8.950000000000000178e-01
8.950000000000000178e-01
8.950000000000000178e-01
8.950000000000000178e-01
8.950000000000000178e-01
8.950000000000000178e-01
8.950000000000000178e-01
8.950000000000000178e-01
8.950000000000000178e-01
8.950000000000000178e-01
8.950000000000000178e-01
8.950000000000000178e-01
8.950000000000000178e-01
8.950000000000000178e-01
8.950000000000000178e-01
8.950000000000000178e-01
8.950000000000000178e-01
8.950000000000000178e-01
8.950000000000000178e-01
8.950000000000000178e-01
8.950000000000000178e-01
8.950000000000000178e-01
8.950000000000000178e-01
8.950000000000000178e-01
8.950000000000000178e-01
8.950000000000000178e-01
8.950000000000000178e-01
8.950000000000000178e-01
8.950000000000000178e-01
8.950000000000000178e-01
8.950000000000000178e-01
8.950000000000000178e-01
8.950000000000000178e-01
8.950000000000000178e-01
8.950000000000000178e-01
8.950000000000000178e-01
8.950000000000000178e-01
8.950000000000000178e-01
8.950000000000000178e-01
8.950000000000000178e-01
8.950000000000000178e-01
8.950000000000000178e-01
8.950000000000000178e-01
8.950000000000000178e-01
8.950000000000000178e-01
8.950000000000000178e-01
8.950000000000000178e-01
8.950000000000000178e-01
8.950000000000000178e-01
8.950000000000000178e-01
8.950000000000000178e-01
8.950000000000000178e-01
8.950000000000000178e-01
8.950000000000000178e-01
8.950000000000000178e-01
8.950000000000000178e-01
8.950000000000000178e-01
8.950000000000000178e-01
8.950000000000000178e-01
8.950000000000000178e-01
8.950000000000000178e-01
8.950000000000000178e-01
8.950000000000000178e-01
8.950000000000000178e-01
8.950000000000000178e-01
8.950000000000000178e-01
8.950000000000000178e-01
8.950000000000000178e-01
8.950000000000000178e-01
8.950000000000000178e-01
8.950000000000000178e-01
8.950000000000000178e-01
8.950000000000000178e-01
8.950000000000000178e-01
8.950000000000000178e-01
8.950000000000000178e-01
8.950000000000000178e-01
8.950000000000000178e-01
8.950000000000000178e-01
8.950000000000000178e-01
8.950000000000000178e-01
8.950000000000000178e-01
8.950000000000000178e-01
8.950000000000000178e-01
8.950000000000000178e-01
8.950000000000000178e-01
8.950000000000000178e-01
8.950000000000000178e-01
8.950000000000000178e-01
8.950000000000000178e-01
8.950000000000000178e-01
8.950000000000000178e-01
8.950000000000000178e-01
8.950000000000000178e-01
8.950000000000000178e-01
8.950000000000000178e-01
8.950000000000000178e-01
8.950000000000000178e-01
8.950000000000000178e-01
8.950000000000000178e-01
8.950000000000000178e-01
8.950000000000000178e-01
8.950000000000000178e-01
8.950000000000000178e-01
8.950000000000000178e-01
8.950000000000000178e-01
8.950000000000000178e-01
8.950000000000000178e-01
8.950000000000000178e-01
8.950000000000000178e-01
8.950000000000000178e-01
8.950000000000000178e-01
8.950000000000000178e-01
8.950000000000000178e-01
8.950000000000000178e-01
8.950000000000000178e-01
8.950000000000000178e-01
8.950000000000000178e-01
8.950000000000000178e-01
8.950000000000000178e-01
8.950000000000000178e-01
8.950000000000000178e-01
8.950000000000000178e-01
8.950000000000000178e-01
8.950000000000000178e-01
8.950000000000000178e-01
8.950000000000000178e-01
8.950000000000000178e-01
8.950000000000000178e-01
8.950000000000000178e-01
8.950000000000000178e-01
8.950000000000000178e-01
8.950000000000000178e-01
8.950000000000000178e-01
8.950000000000000178e-01
8.950000000000000178e-01
8.950000000000000178e-01
8.950000000000000178e-01
8.950000000000000178e-01
8.950000000000000178e-01
8.950000000000000178e-01
8.950000000000000178e-01
8.950000000000000178e-01
8.950000000000000178e-01
8.950000000000000178e-01
8.950000000000000178e-01
8.950000000000000178e-01
8.950000000000000178e-01
8.950000000000000178e-01
8.950000000000000178e-01
8.950000000000000178e-01
8.950000000000000178e-01
8.950000000000000178e-01
8.950000000000000178e-01
8.950000000000000178e-01
8.950000000000000178e-01
8.950000000000000178e-01
8.950000000000000178e-01
8.950000000000000178e-01
8.950000000000000178e-01
8.950000000000000178e-01
8.950000000000000178e-01
8.950000000000000178e-01
8.950000000000000178e-01
8.950000000000000178e-01
8.950000000000000178e-01
8.950000000000000178e-01
8.950000000000000178e-01
8.950000000000000178e-01
8.950000000000000178e-01
8.950000000000000178e-01
8.950000000000000178e-01
8.950000000000000178e-01
8.950000000000000178e-01
8.950000000000000178e-01
8.950000000000000178e-01
8.950000000000000178e-01
8.950000000000000178e-01
8.950000000000000178e-01
8.950000000000000178e-01
8.950000000000000178e-01
8.950000000000000178e-01
8.950000000000000178e-01
8.950000000000000178e-01
8.950000000000000178e-01
8.950000000000000178e-01
8.950000000000000178e-01
8.950000000000000178e-01
8.950000000000000178e-01
8.950000000000000178e-01
8.950000000000000178e-01
8.950000000000000178e-01
8.950000000000000178e-01
8.950000000000000178e-01
8.950000000000000178e-01
8.950000000000000178e-01
8.950000000000000178e-01
8.950000000000000178e-01
8.950000000000000178e-01
8.950000000000000178e-01
8.950000000000000178e-01
8.950000000000000178e-01
8.950000000000000178e-01
8.950000000000000178e-01
8.950000000000000178e-01
8.950000000000000178e-01
8.950000000000000178e-01
8.950000000000000178e-01
8.950000000000000178e-01
8.950000000000000178e-01
8.950000000000000178e-01
8.950000000000000178e-01
8.950000000000000178e-01
8.950000000000000178e-01
8.950000000000000178e-01
8.950000000000000178e-01
8.950000000000000178e-01
8.950000000000000178e-01
8.950000000000000178e-01
8.950000000000000178e-01
8.950000000000000178e-01
8.950000000000000178e-01
8.950000000000000178e-01
8.950000000000000178e-01
8.950000000000000178e-01
8.950000000000000178e-01
8.950000000000000178e-01
8.950000000000000178e-01
8.950000000000000178e-01
8.950000000000000178e-01
8.950000000000000178e-01
8.950000000000000178e-01
8.950000000000000178e-01
8.950000000000000178e-01
8.950000000000000178e-01
8.950000000000000178e-01
8.950000000000000178e-01
8.950000000000000178e-01
8.950000000000000178e-01
8.950000000000000178e-01
8.950000000000000178e-01
8.950000000000000178e-01
8.950000000000000178e-01
8.950000000000000178e-01
8.950000000000000178e-01
8.950000000000000178e-01
8.950000000000000178e-01
8.950000000000000178e-01
8.950000000000000178e-01
8.950000000000000178e-01
8.950000000000000178e-01
8.950000000000000178e-01
8.950000000000000178e-01
8.950000000000000178e-01
8.950000000000000178e-01
8.950000000000000178e-01
8.950000000000000178e-01
8.950000000000000178e-01
8.950000000000000178e-01
8.950000000000000178e-01
8.950000000000000178e-01
8.950000000000000178e-01
8.950000000000000178e-01
8.950000000000000178e-01
8.950000000000000178e-01
8.950000000000000178e-01
8.950000000000000178e-01
8.950000000000000178e-01
8.950000000000000178e-01
8.950000000000000178e-01
8.950000000000000178e-01
8.950000000000000178e-01
8.950000000000000178e-01
8.950000000000000178e-01
8.950000000000000178e-01
8.950000000000000178e-01
8.950000000000000178e-01
8.950000000000000178e-01
8.950000000000000178e-01
8.950000000000000178e-01
8.950000000000000178e-01
8.950000000000000178e-01
8.950000000000000178e-01
8.950000000000000178e-01
8.950000000000000178e-01
8.950000000000000178e-01
8.950000000000000178e-01
8.950000000000000178e-01
8.950000000000000178e-01
8.950000000000000178e-01
8.950000000000000178e-01
8.950000000000000178e-01
8.950000000000000178e-01
8.950000000000000178e-01
8.950000000000000178e-01
8.950000000000000178e-01
8.950000000000000178e-01
8.950000000000000178e-01
8.950000000000000178e-01
8.950000000000000178e-01
8.950000000000000178e-01
8.950000000000000178e-01
8.950000000000000178e-01
8.950000000000000178e-01
8.950000000000000178e-01
8.950000000000000178e-01
8.950000000000000178e-01
8.950000000000000178e-01
8.950000000000000178e-01
8.950000000000000178e-01
8.950000000000000178e-01
8.950000000000000178e-01
8.950000000000000178e-01
8.950000000000000178e-01
8.950000000000000178e-01
8.950000000000000178e-01
8.950000000000000178e-01
8.950000000000000178e-01
8.950000000000000178e-01
8.950000000000000178e-01
8.950000000000000178e-01
8.950000000000000178e-01
8.950000000000000178e-01
8.950000000000000178e-01
8.950000000000000178e-01
8.950000000000000178e-01
8.950000000000000178e-01
8.950000000000000178e-01
8.950000000000000178e-01
8.950000000000000178e-01
8.950000000000000178e-01
8.950000000000000178e-01
8.950000000000000178e-01
8.950000000000000178e-01
8.950000000000000178e-01
8.950000000000000178e-01
8.950000000000000178e-01
8.950000000000000178e-01
8.950000000000000178e-01
8.950000000000000178e-01
8.950000000000000178e-01
8.950000000000000178e-01
8.950000000000000178e-01
8.950000000000000178e-01
8.950000000000000178e-01
8.950000000000000178e-01
8.950000000000000178e-01
8.950000000000000178e-01
8.950000000000000178e-01
8.950000000000000178e-01
8.950000000000000178e-01
8.950000000000000178e-01
8.950000000000000178e-01
8.950000000000000178e-01
8.950000000000000178e-01
8.950000000000000178e-01
8.950000000000000178e-01
8.950000000000000178e-01
8.950000000000000178e-01
8.950000000000000178e-01
8.950000000000000178e-01
8.950000000000000178e-01
8.950000000000000178e-01
8.950000000000000178e-01
8.950000000000000178e-01
8.950000000000000178e-01
8.950000000000000178e-01
8.950000000000000178e-01
8.950000000000000178e-01
8.950000000000000178e-01
8.950000000000000178e-01
8.950000000000000178e-01
8.950000000000000178e-01
8.950000000000000178e-01
8.950000000000000178e-01
8.950000000000000178e-01
8.950000000000000178e-01
8.950000000000000178e-01
8.950000000000000178e-01
8.950000000000000178e-01
8.950000000000000178e-01
8.950000000000000178e-01
8.950000000000000178e-01
8.950000000000000178e-01
8.950000000000000178e-01
8.950000000000000178e-01
8.950000000000000178e-01
8.950000000000000178e-01
8.950000000000000178e-01
8.950000000000000178e-01
8.950000000000000178e-01
8.950000000000000178e-01
8.950000000000000178e-01
8.950000000000000178e-01
8.950000000000000178e-01
8.950000000000000178e-01
8.950000000000000178e-01
8.950000000000000178e-01
8.950000000000000178e-01
8.950000000000000178e-01
8.950000000000000178e-01
8.950000000000000178e-01
8.950000000000000178e-01
8.950000000000000178e-01
8.950000000000000178e-01
8.950000000000000178e-01
8.950000000000000178e-01
8.950000000000000178e-01
8.950000000000000178e-01
8.950000000000000178e-01
8.950000000000000178e-01
8.950000000000000178e-01
8.950000000000000178e-01
8.950000000000000178e-01
8.950000000000000178e-01
8.950000000000000178e-01
8.950000000000000178e-01
8.950000000000000178e-01
8.950000000000000178e-01
8.950000000000000178e-01
8.950000000000000178e-01
8.950000000000000178e-01
8.950000000000000178e-01
8.950000000000000178e-01
8.950000000000000178e-01
8.950000000000000178e-01
8.950000000000000178e-01
8.950000000000000178e-01
8.950000000000000178e-01
8.950000000000000178e-01
8.950000000000000178e-01
8.950000000000000178e-01
8.950000000000000178e-01
8.950000000000000178e-01
8.950000000000000178e-01
8.950000000000000178e-01
8.950000000000000178e-01
8.950000000000000178e-01
8.950000000000000178e-01
8.950000000000000178e-01
8.950000000000000178e-01
8.950000000000000178e-01
8.950000000000000178e-01
8.950000000000000178e-01
8.950000000000000178e-01
8.950000000000000178e-01
8.950000000000000178e-01
8.950000000000000178e-01
8.950000000000000178e-01
8.950000000000000178e-01
8.950000000000000178e-01
8.950000000000000178e-01
8.950000000000000178e-01
8.950000000000000178e-01
8.950000000000000178e-01
8.950000000000000178e-01
8.950000000000000178e-01
8.950000000000000178e-01
8.950000000000000178e-01
8.950000000000000178e-01
8.950000000000000178e-01
8.950000000000000178e-01
8.950000000000000178e-01
8.950000000000000178e-01
8.950000000000000178e-01
8.950000000000000178e-01
8.950000000000000178e-01
8.950000000000000178e-01
8.950000000000000178e-01
8.950000000000000178e-01
8.950000000000000178e-01
8.950000000000000178e-01
8.950000000000000178e-01
8.950000000000000178e-01
8.950000000000000178e-01
8.950000000000000178e-01
8.950000000000000178e-01
8.950000000000000178e-01
8.950000000000000178e-01
8.950000000000000178e-01
8.950000000000000178e-01
8.950000000000000178e-01
8.950000000000000178e-01
8.950000000000000178e-01
8.950000000000000178e-01
8.950000000000000178e-01
8.950000000000000178e-01
8.950000000000000178e-01
8.950000000000000178e-01
8.950000000000000178e-01
8.950000000000000178e-01
8.950000000000000178e-01
8.950000000000000178e-01
8.950000000000000178e-01
8.950000000000000178e-01
8.950000000000000178e-01
8.950000000000000178e-01
8.950000000000000178e-01
8.950000000000000178e-01
8.950000000000000178e-01
8.950000000000000178e-01
8.950000000000000178e-01
8.950000000000000178e-01
8.950000000000000178e-01
8.950000000000000178e-01
8.950000000000000178e-01
8.950000000000000178e-01
8.950000000000000178e-01
8.950000000000000178e-01
8.950000000000000178e-01
8.950000000000000178e-01
8.950000000000000178e-01
8.950000000000000178e-01
8.950000000000000178e-01
8.950000000000000178e-01
8.950000000000000178e-01
8.950000000000000178e-01
8.950000000000000178e-01
8.950000000000000178e-01
8.950000000000000178e-01
8.950000000000000178e-01
8.950000000000000178e-01
8.950000000000000178e-01
8.950000000000000178e-01
8.950000000000000178e-01
8.950000000000000178e-01
8.950000000000000178e-01
8.950000000000000178e-01
8.950000000000000178e-01
8.950000000000000178e-01
8.950000000000000178e-01
8.950000000000000178e-01
8.950000000000000178e-01
8.950000000000000178e-01
8.950000000000000178e-01
8.950000000000000178e-01
8.950000000000000178e-01
8.950000000000000178e-01
8.950000000000000178e-01
8.950000000000000178e-01
8.950000000000000178e-01
8.950000000000000178e-01
8.950000000000000178e-01
8.950000000000000178e-01
8.950000000000000178e-01
8.950000000000000178e-01
8.950000000000000178e-01
8.950000000000000178e-01
8.950000000000000178e-01
8.950000000000000178e-01
8.950000000000000178e-01
8.950000000000000178e-01
8.950000000000000178e-01
8.950000000000000178e-01
8.950000000000000178e-01
8.950000000000000178e-01
8.950000000000000178e-01
8.950000000000000178e-01
8.950000000000000178e-01
8.950000000000000178e-01
8.950000000000000178e-01
8.950000000000000178e-01
8.950000000000000178e-01
8.950000000000000178e-01
8.950000000000000178e-01
8.950000000000000178e-01
8.950000000000000178e-01
8.950000000000000178e-01
8.950000000000000178e-01
8.950000000000000178e-01
8.950000000000000178e-01
8.950000000000000178e-01
8.950000000000000178e-01
8.950000000000000178e-01
8.950000000000000178e-01
8.950000000000000178e-01
8.950000000000000178e-01
8.950000000000000178e-01
8.950000000000000178e-01
8.950000000000000178e-01
8.950000000000000178e-01
8.950000000000000178e-01
8.950000000000000178e-01
8.950000000000000178e-01
8.950000000000000178e-01
8.950000000000000178e-01
8.950000000000000178e-01
8.950000000000000178e-01
8.950000000000000178e-01
8.950000000000000178e-01
8.950000000000000178e-01
8.950000000000000178e-01
8.950000000000000178e-01
8.950000000000000178e-01
8.950000000000000178e-01
8.950000000000000178e-01
8.950000000000000178e-01
8.950000000000000178e-01
8.950000000000000178e-01
8.950000000000000178e-01
